json/20180305.json
{"header": {"discipline":0,"disciplineName":"Meteorological products","gribEdition":2,"gribLength":74128,"center":7,"centerName":"US National Weather Service - NCEP(WMC)","subcenter":0,"refTime":"2018-03-05T06:00:00.000Z","significanceOfRT":1,"significanceOfRTName":"Start of forecast","productStatus":0,"productStatusName":"Operational products","productType":1,"productTypeName":"Forecast products","productDefinitionTemplate":0,"productDefinitionTemplateName":"Analysis/forecast at horizontal level/layer at a point in time","parameterCategory":2,"parameterCategoryName":"Momentum","parameterNumber":2,"parameterNumberName":"U-component_of_wind","parameterUnit":"m.s-1","genProcessType":2,"genProcessTypeName":"Forecast","forecastTime":0,"surface1Type":103,"surface1TypeName":"Specified height level above ground","surface1Value":10.0,"surface2Type":255,"surface2TypeName":"Missing","surface2Value":0.0,"gridDefinitionTemplate":0,"gridDefinitionTemplateName":"Latitude_Longitude","numberPoints":65160,"shape":6,"shapeName":"Earth spherical with radius of 6,371,229.0 m","gridUnits":"degrees","resolution":48,"winds":"true","scanMode":0,"nx":360,"ny":181,"basicAngle":0,"lo1":0.0,"la1":90.0,"lo2":359.0,"la2":-90.0,"dx":1.0,"dy":1.0}, "data":
[rows 130 to 155 of 181, columns 116 to 173 of 360]
-0.99336183,-0.6633618,0.24663818,1.3066382,1.8966382,2.1566381,2.6266382,3.3666382,3.8666382,4.076638,4.836638,5.2266383,5.046638,4.7066383,4.316638,4.106638,4.096638,3.7566383,3.0966382,2.436638,1.7666382,0.95663816,0.2666382,0.08663818,0.5566382,0.8666382,1.3566382,1.7366382,0.8666382,5.616638,7.096638,0.9266382,-0.6933618,-1.5933619,-1.1633618,-0.43336183,0.6166382,4.156638,-1.8033618,-2.3333619,-1.5333618,-0.55336183,-0.38336182,-0.5933618,5.046638,2.0366383,2.5966382,2.7566383,2.7666383,2.2566383,2.0366383,1.1066382,0.9666382,0.7166382,1.2166382,2.0766382,3.956638,5.866638
2.2866383,2.8766382,2.8966382,3.0366383,3.5566382,3.936638,3.8766382,4.2866383,4.7866383,4.9566383,5.066638,5.2066383,5.1866384,5.256638,5.216638,5.136638,5.196638,4.926638,4.636638,4.076638,3.5766382,2.6266382,2.0666382,1.5566382,1.6666381,2.0066383,1.8366382,1.5766382,1.2966381,1.9666382,2.3166382,1.9666382,-1.0933619,-3.6333618,-0.6533618,-0.80336183,-2.013362,-0.3333618,1.3666382,-2.1233618,-1.5933619,-0.99336183,-0.43336183,-1.6233618,-2.6233618,2.1566381,2.5766382,3.0566382,2.9266381,2.3566382,1.9366382,1.5166382,1.1066382,1.5766382,2.6066382,3.8566382,2.5466383,-0.5733618
3.4066381,3.7866383,4.0166383,4.3066382,4.616638,4.616638,4.606638,4.816638,5.406638,5.586638,5.6466384,5.596638,5.4766383,5.7266383,5.816638,5.696638,5.966638,6.386638,5.966638,5.3766384,4.826638,4.1666384,3.6666381,3.4266381,3.3366382,3.446638,3.4266381,3.0466383,2.6566381,2.0466383,1.4366382,1.9866382,-2.6633618,-1.6733618,1.2866381,0.24663818,-0.8833618,-1.9433618,-3.6633618,0.0066381837,1.3866382,1.5566382,1.2366382,0.6866382,-0.44336182,-2.513362,0.6866382,4.3966384,3.7566383,3.4066381,2.6666381,2.5166383,2.2466383,3.4966383,5.3066382,3.5066383,1.0866382,1.1766381
4.2466383,4.506638,4.696638,4.9366384,5.006638,5.196638,5.486638,5.966638,6.106638,6.086638,5.9566383,5.9566383,6.1866384,6.1466384,6.326638,6.4166384,6.2666383,6.566638,6.4766383,5.736638,5.336638,5.026638,4.866638,4.606638,4.386638,3.9166381,4.276638,4.8066382,4.926638,4.5166383,2.716638,0.4866382,1.6466382,4.196638,4.336638,3.0266383,1.4066381,0.5666382,0.8466382,1.2966381,2.2666383,3.726638,4.7866383,4.2666383,3.4166381,2.3766382,1.6366382,0.046638183,-0.073361814,2.8666382,4.856638,5.8766384,5.4766383,5.466638,2.1166382,0.6766382,0.22663818,-1.9833618
4.816638,5.1466384,5.106638,5.196638,5.356638,5.676638,6.2466383,6.526638,6.676638,6.636638,6.3066382,6.5166383,6.5566382,6.3966384,6.3766384,6.5366383,6.6266384,6.5566382,6.236638,6.116638,5.8766384,5.466638,5.1666384,4.926638,3.986638,4.156638,4.406638,4.856638,5.346638,6.1466384,7.4366384,9.216639,8.946638,7.9566383,6.886638,5.526638,4.4366384,3.6566381,3.0566382,3.5366383,4.2066383,4.946638,5.8766384,6.116638,6.756638,5.9166384,4.8966384,3.8166382,3.3666382,2.8666382,2.936638,3.7966383,6.3966384,1.5266382,2.0466383,-2.273362,0.11663818,3.1266382
5.466638,5.616638,5.276638,5.086638,5.326638,5.906638,6.5366383,6.636638,6.636638,6.6666384,6.6666384,6.8766384,6.926638,6.886638,6.7466383,6.7466383,6.6666384,6.326638,6.6866384,6.756638,6.4966383,5.866638,5.466638,4.7466383,4.0166383,4.296638,3.5666382,2.7666383,2.6266382,3.1666381,3.436638,4.096638,4.1466384,4.616638,5.026638,5.096638,5.2266383,5.576638,5.8966384,6.1266384,6.336638,6.7866383,7.276638,7.866638,8.176639,8.276638,7.8966384,6.6466384,5.4766383,4.6466384,4.106638,2.6566381,2.0966382,1.6166382,-1.7533618,-1.7533618,-0.063361816,1.7666382
5.526638,6.336638,5.9966383,5.466638,5.946638,6.596638,6.756638,6.696638,6.7066383,6.776638,6.8066382,7.026638,7.1866384,7.1666384,7.1866384,6.9766383,6.836638,7.076638,7.1266384,7.1266384,7.156638,6.8766384,5.7866383,4.946638,5.096638,5.026638,4.756638,3.7766383,3.0466383,2.3966382,1.6566381,1.1466382,1.1566381,1.7066382,2.3066382,3.3166382,4.316638,5.7266383,6.716638,7.326638,7.676638,7.9966383,8.216639,8.216639,8.586638,9.276638,9.616638,9.506639,8.016638,6.506638,4.886638,2.0366383,-0.37336183,1.3866382,-0.6433618,-0.85336185,-1.0733619,-1.0933619
5.7666383,6.486638,7.986638,7.0166383,6.6866384,7.216638,7.4566383,7.526638,7.356638,8.496638,7.776638,7.406638,7.656638,7.9766383,8.116638,7.826638,7.486638,7.6666384,7.776638,7.5166383,7.7866383,7.326638,5.586638,5.0166383,5.8066382,5.926638,5.6866384,5.136638,4.636638,4.066638,3.5266383,2.9266381,2.436638,2.5266383,3.3066382,4.0566382,4.9766383,5.886638,6.8066382,7.6866384,8.636639,9.326638,9.526638,9.536638,9.286638,9.456638,10.176639,10.706638,10.516638,8.746638,7.966638,7.796638,3.5366383,-0.5133618,0.18663818,-0.5333618,-1.1433618,-1.7533618
7.756638,7.9366384,8.616638,8.2966385,7.826638,7.886638,8.326638,8.866638,8.976638,8.726638,8.0466385,8.196638,9.116638,9.436638,9.026638,8.886639,8.386639,8.326638,8.556638,8.186638,7.9566383,7.086638,5.846638,5.9766383,6.816638,6.796638,6.716638,6.3766384,6.0166383,5.426638,5.256638,4.6466384,4.1466384,4.346638,4.3766384,4.156638,4.4566383,5.6466384,7.196638,8.456638,9.196638,9.916638,10.646638,11.036638,10.996638,10.766638,10.856638,10.916638,10.846638,10.576638,8.596638,7.826638,6.3966384,4.0166383,0.95663816,0.94663817,0.076638184,-0.6833618
9.186638,9.306638,9.276638,9.386639,9.496638,9.436638,9.436638,9.276638,9.536638,9.686638,9.346638,9.266638,9.896638,10.196638,9.836638,9.346638,8.806638,8.456638,9.136639,8.916638,8.106638,7.366638,6.2266383,6.346638,7.4166384,7.6666384,7.636638,7.506638,7.106638,6.8966384,6.816638,6.216638,6.1866384,5.7066383,4.606638,4.6666384,5.506638,6.826638,8.456638,10.086638,11.216639,11.466639,11.506639,11.806638,11.726638,11.316638,11.226638,11.226638,10.956638,10.826638,9.686638,6.276638,4.0366383,3.226638,2.2866383,2.2466383,2.2766383,1.3066382
8.376638,10.026638,10.986638,11.346638,11.606638,11.276638,10.516638,10.0466385,10.736638,11.426639,10.586638,10.186638,10.266638,9.826638,9.426639,9.2966385,9.036638,9.236638,9.066638,8.636639,8.326638,8.246638,7.336638,7.316638,8.106638,8.506639,8.476638,8.306638,8.016638,7.8966384,7.846638,8.006639,7.566638,6.116638,5.346638,5.6266384,6.2866383,7.586638,9.116638,10.596638,11.646638,12.236638,12.336638,11.906638,11.636639,11.436638,10.586638,10.846638,11.196638,10.686638,8.916638,5.086638,3.3466382,3.4166381,3.5166383,3.5766382,3.936638,3.1766381
6.946638,8.936638,10.566638,11.496638,11.726638,11.376638,10.806638,10.346638,10.886639,11.856638,11.456638,11.2966385,11.386639,11.356638,11.016638,10.836638,10.886639,10.756639,10.846638,10.386639,10.246638,9.606638,8.206638,7.316638,7.236638,7.696638,7.7266383,8.2966385,8.566638,8.466639,8.186638,8.606638,7.866638,6.7666383,5.816638,5.4966383,6.1866384,7.7266383,8.656638,9.446638,9.986638,10.746638,11.346638,11.446638,11.056638,10.756639,10.256639,10.586638,11.846638,11.316638,9.096638,5.4566383,3.5166383,3.456638,3.4966383,3.216638,3.7666383,3.4166381
8.076638,8.646638,9.136639,9.946638,11.056638,12.106638,11.886639,11.446638,12.116638,13.876638,13.826638,12.556638,12.266638,12.706638,12.676639,12.156638,11.716639,11.926639,12.026638,11.726638,11.636639,11.416638,10.276638,9.316638,8.7966385,8.436638,8.996638,9.616638,9.496638,9.2966385,7.986638,8.006639,7.826638,7.1866384,6.3066382,5.4766383,6.236638,7.136638,7.486638,8.256639,8.916638,9.136639,9.556638,9.306638,9.226638,9.186638,9.406638,11.116638,13.156638,11.586638,8.676639,6.216638,3.4166381,3.4166381,2.9266381,2.6566381,3.3166382,2.8566382
10.576638,10.596638,10.576638,11.096638,12.766638,14.0466385,13.506639,12.306638,12.766638,14.076638,14.466639,13.866638,13.096638,12.976638,13.106638,12.976638,12.886639,13.176639,13.926639,13.696638,12.926639,12.226638,10.976638,9.936638,9.436638,8.656638,7.796638,7.7866383,7.846638,7.026638,6.816638,8.456638,8.536638,7.9166384,7.006638,6.116638,6.366638,6.5566382,6.616638,7.256638,6.846638,6.006638,5.4566383,5.2866383,6.7866383,7.596638,8.206638,9.946638,12.686638,7.9366384,7.076638,6.526638,3.466638,2.9066381,2.5466383,2.6166382,2.9066381,2.4266381
12.646638,12.886639,13.106638,13.816638,15.106638,16.096638,16.196638,15.666638,15.246638,15.206638,15.206638,15.286638,15.276638,14.806638,14.386639,14.476638,14.926639,14.996638,15.376638,15.476638,14.776638,11.506639,9.326638,9.436638,8.776638,7.566638,6.736638,6.826638,6.8066382,6.426638,6.986638,8.036638,8.7966385,8.656638,7.716638,6.676638,6.796638,6.4966383,6.2666383,6.1266384,5.8066382,4.756638,3.2766383,3.5466383,4.8066382,5.366638,4.6266384,5.986638,1.1566381,-1.3133618,-2.1133618,3.946638,3.736638,2.446638,2.5866382,2.7766383,2.6566381,2.0966382
14.266638,14.5466385,14.896638,15.556638,16.296638,17.186638,17.586637,17.936638,17.966639,18.606638,18.136639,17.786638,17.576637,17.106638,16.606638,16.516638,16.676638,16.366638,15.996638,15.396638,14.156638,12.836638,11.666638,10.116638,8.5466385,7.026638,6.236638,6.1666384,6.1666384,6.596638,7.086638,7.0566382,7.276638,8.026638,7.756638,7.586638,7.3766384,7.116638,6.836638,6.2866383,5.926638,5.576638,4.9966383,3.0066383,2.2466383,3.4266381,3.3066382,3.0466383,2.726638,2.0266383,0.6666382,-0.8333618,0.5566382,3.7666383,3.0166383,2.6166382,2.7666383,2.8866382
15.596638,16.006638,16.196638,16.976639,18.046638,18.826637,19.246637,19.386639,18.626638,20.056639,20.446638,20.316639,20.046638,19.246637,18.186638,17.506638,17.256638,16.786638,16.516638,16.066639,15.276638,14.166638,12.846638,10.806638,8.976638,7.026638,6.486638,6.486638,6.5566382,6.576638,6.5366383,6.4566383,6.6666384,8.186638,8.166638,7.8966384,7.796638,7.966638,7.926638,7.4166384,7.116638,6.9166384,6.426638,5.9166384,4.846638,3.1466382,2.696638,4.046638,4.4366384,4.9366384,4.5566382,3.0666382,3.3366382,4.046638,3.8366382,4.256638,4.506638,4.506638
16.706638,17.446638,18.15664,18.956638,19.90664,20.426638,20.706638,20.896639,21.196638,21.266638,21.226639,20.866638,20.546638,19.736639,18.836637,17.856638,17.396639,17.096638,16.766638,16.446638,15.276638,14.576638,13.226638,10.986638,8.886639,7.926638,7.026638,5.816638,5.586638,5.9166384,5.846638,5.9766383,6.176638,6.696638,7.8766384,8.236638,8.626638,8.946638,8.826638,8.436638,8.386639,8.376638,8.436638,8.2966385,7.716638,7.5366383,6.676638,5.926638,5.836638,7.006638,7.546638,7.196638,6.7866383,6.256638,5.8766384,5.6866384,5.6666384,5.796638
16.416637,17.226639,18.176638,19.65664,21.15664,22.136639,22.276638,21.966639,21.346638,20.936638,20.466639,20.116638,19.536638,18.766638,17.956638,17.496637,16.916637,16.686638,16.386639,16.076637,15.346638,14.226638,12.616638,10.576638,9.166638,7.466638,5.7666383,4.606638,4.9966383,5.546638,5.5566382,5.7666383,5.986638,6.3066382,6.636638,8.456638,8.916638,8.906638,9.366638,9.826638,9.736638,9.886639,10.426639,10.716639,10.566638,10.026638,9.746638,9.756639,9.826638,9.856638,9.786638,9.676639,9.516638,9.646638,9.586638,8.246638,6.9566383,6.526638
14.646638,16.186638,17.966639,19.816639,21.576637,22.626638,22.566639,21.516638,20.056639,18.636639,17.886639,17.506638,17.116638,16.736639,16.496637,16.296638,15.716639,15.216639,15.126638,14.866638,14.276638,13.2966385,11.016638,8.596638,7.316638,5.6866384,4.5566382,4.156638,4.336638,4.8766384,5.3766384,5.776638,6.076638,6.276638,6.8766384,7.4366384,8.156638,9.136639,9.946638,10.776638,11.156638,11.336638,11.816638,12.196638,12.096638,11.946638,12.386639,12.776638,12.876638,12.996638,13.006639,13.306638,13.726638,13.696638,13.466639,12.726638,11.806638,11.2966385
14.106638,15.706638,17.016638,17.936638,19.116638,19.126638,17.916637,16.096638,14.826638,14.176639,13.986638,14.026638,13.7966385,13.746638,14.086638,13.966639,13.676639,13.366638,13.276638,12.996638,12.5466385,11.566638,8.816638,5.7466383,4.366638,2.3866382,1.6366382,2.1066382,3.0266383,4.176638,4.7466383,5.2266383,5.606638,6.196638,6.9566383,7.736638,8.7966385,9.736638,10.806638,11.5466385,11.676639,11.736638,12.106638,12.426639,12.626638,12.736638,13.266638,14.086638,14.626638,14.986638,15.236638,15.516638,15.736638,15.826638,16.076637,16.266638,16.306639,16.076637
11.566638,12.416638,12.966639,13.2966385,13.236638,12.906638,12.206638,10.506639,9.266638,9.146638,9.476638,9.686638,9.776638,10.0466385,10.586638,11.106638,10.866638,10.406638,10.116638,9.726638,9.676639,8.866638,4.816638,2.186638,-0.033361815,-0.7833618,-0.3233618,0.5966382,1.8466382,2.7466383,3.196638,3.6566381,4.4566383,5.4966383,6.426638,7.386638,8.646638,10.316638,11.306638,12.0466385,12.086638,11.886639,12.206638,12.476638,12.636639,13.106638,13.776638,14.406638,14.936638,15.316638,15.806638,16.566639,17.536638,18.206638,18.526638,18.726639,18.816639,18.896639
8.016638,7.986638,6.9566383,6.156638,6.1866384,6.906638,7.776638,7.636638,6.9366384,7.4766383,8.276638,8.896638,9.0466385,8.746638,8.286638,8.0466385,8.406638,8.746638,8.616638,8.626638,6.1866384,2.1566381,-1.9433618,-4.343362,-4.763362,-3.9333618,-2.4633617,-0.55336183,0.5266382,1.1166382,1.7366382,2.8366382,4.1666384,5.466638,6.866638,8.306638,9.566638,11.126638,12.096638,12.496638,12.356638,12.496638,13.016638,13.106638,13.176639,13.806638,14.146638,14.346638,14.866638,15.216639,15.556638,16.226639,17.006638,17.796638,18.516638,19.136639,19.836637,20.686638
4.326638,3.2966383,1.1766381,-0.37336183,-2.813362,-4.093362,-3.0933619,1.1766381,5.006638,5.1466384,5.256638,5.816638,6.196638,6.446638,6.076638,5.756638,5.106638,3.976638,0.37663817,-5.413362,-8.573361,-9.643362,-8.963362,-7.5233617,-5.6933618,-3.5933619,-1.8533618,-0.86336184,-0.033361815,1.2666382,2.716638,3.956638,5.236638,6.906638,8.226638,9.276638,10.7966385,11.846638,12.756639,13.146638,13.136639,13.376638,14.196638,14.156638,14.0466385,14.746638,14.846638,14.536638,13.936638,13.346638,13.106638,13.306638,13.816638,14.576638,15.616638,16.766638,17.856638,18.686638
1.2266382,0.036638185,-2.5033617,-4.243362,-6.893362,-9.583362,-11.373362,-13.153362,-13.533361,-11.4533615,-9.103362,-8.273362,-9.113361,-10.713362,-13.023362,-14.513362,-14.963362,-14.283361,-13.4533615,-12.383362,-11.303362,-9.753362,-7.893362,-6.1233616,-4.3733616,-3.1933618,-2.3633618,-1.3333619,-0.25336182,0.8766382,2.8766382,5.1666384,6.7466383,8.0466385,9.016638,10.106638,11.036638,11.7966385,12.746638,13.346638,13.076638,13.366638,14.136639,13.976638,14.476638,14.406638,13.846638,13.266638,13.126638,13.426639,14.156638,14.986638,16.086637,17.666637,19.166637,20.246637,20.966639,21.196638
-0.2633618,-1.1533618,-3.2333617,-5.6233616,-8.443362,-11.383362,-13.153362,-14.613361,-14.943362,-15.123362,-15.573361,-16.823362,-18.373362,-18.693361,-18.713362,-18.393362,-18.163363,-16.573362,-13.733362,-12.7033615,-12.433362,-12.173362,-11.593362,-11.093362,-9.853362,-8.153362,-6.3733616,-4.163362,-1.1733618,2.2566383,4.586638,6.3966384,7.696638,8.526638,9.326638,9.856638,10.376638,11.316638,12.006639,12.006639,12.186638,12.656638,13.166638,13.356638,12.656638,11.446638,11.326638,12.456638,13.376638,14.0466385,14.936638,16.336637,17.316639,17.676638,18.016638,18.056639,18.176638,18.606638
