json/20180305.json
{"header": {"discipline":0,"disciplineName":"Meteorological products","gribEdition":2,"gribLength":47800,"center":7,"centerName":"US National Weather Service - NCEP(WMC)","subcenter":0,"refTime":"2018-03-05T06:00:00.000Z","significanceOfRT":1,"significanceOfRTName":"Start of forecast","productStatus":0,"productStatusName":"Operational products","productType":1,"productTypeName":"Forecast products","productDefinitionTemplate":0,"productDefinitionTemplateName":"Analysis/forecast at horizontal level/layer at a point in time","parameterCategory":0,"parameterCategoryName":"Temperature","parameterNumber":0,"parameterNumberName":"Temperature","parameterUnit":"K","genProcessType":2,"genProcessTypeName":"Forecast","forecastTime":0,"surface1Type":1,"surface1TypeName":"Ground or water surface","surface1Value":0.0,"surface2Type":255,"surface2TypeName":"Missing","surface2Value":0.0,"gridDefinitionTemplate":0,"gridDefinitionTemplateName":"Latitude_Longitude","numberPoints":65160,"shape":6,"shapeName":"Earth spherical with radius of 6,371,229.0 m","gridUnits":"degrees","resolution":48,"winds":"true","scanMode":0,"nx":360,"ny":181,"basicAngle":0,"lo1":0.0,"la1":90.0,"lo2":359.0,"la2":-90.0,"dx":1.0,"dy":1.0}, "data":
[rows 78 to 103 of 181, columns 300 to 359 of 360]
299.64615,299.64615,299.54614,299.54614,299.34613,299.14615,299.24615,299.04614,298.84613,298.74615,298.64615,298.24615,298.24615,298.04614,298.04614,298.04614,297.94614,297.94614,297.84613,297.94614,298.04614,297.94614,297.84613,297.64615,297.24615,297.24615,297.04614,297.14615,297.04614,297.04614,296.84613,296.54614,296.34613,296.44614,296.44614,296.54614,296.14615,295.94614,295.34613,294.94614,294.34613,293.84613,293.54614,294.04614,293.34613,294.54614,295.14615,295.84613,296.04614,297.84613,294.74615,298.54614,298.64615,298.14615,298.34613,298.74615,299.44614,298.94614,298.24615,299.34613
299.94614,299.74615,299.84613,299.64615,299.54614,299.24615,299.24615,299.04614,298.94614,298.84613,298.64615,298.54614,298.24615,298.24615,298.04614,298.04614,298.04614,297.94614,298.04614,298.04614,298.04614,297.94614,297.94614,297.84613,297.74615,297.64615,297.64615,297.64615,297.64615,297.64615,297.34613,297.04614,296.74615,296.84613,296.74615,296.74615,296.84613,296.34613,296.04614,295.74615,295.14615,294.34613,294.14615,294.34613,295.34613,294.24615,292.04614,293.74615,295.04614,296.84613,296.94614,297.84613,297.94614,298.94614,297.34613,297.64615,300.24615,300.54614,298.54614,300.44614
299.64615,299.84613,299.94614,299.94614,299.74615,299.64615,299.54614,299.44614,299.14615,298.94614,299.04614,298.64615,298.54614,298.24615,298.14615,298.14615,298.24615,298.24615,298.24615,298.34613,298.34613,298.44614,298.24615,298.34613,298.24615,298.04614,298.04614,298.04614,298.14615,298.14615,297.94614,297.74615,297.44614,297.34613,297.34613,297.24615,297.04614,296.94614,296.54614,296.54614,296.14615,295.64615,295.14615,294.74615,294.94614,295.54614,295.84613,292.54614,295.64615,296.34613,297.64615,297.64615,297.54614,297.24615,298.04614,299.44614,299.44614,300.04614,300.24615,302.94614
300.04614,300.04614,300.04614,300.14615,299.94614,300.04614,299.74615,299.54614,299.24615,299.04614,299.04614,299.04614,298.74615,298.54614,298.34613,298.44614,298.44614,298.44614,298.64615,298.74615,298.84613,298.74615,298.84613,298.64615,298.84613,298.64615,298.54614,298.34613,298.64615,298.64615,298.54614,298.44614,298.24615,298.04614,297.74615,297.64615,297.54614,297.44614,297.44614,297.14615,296.74615,296.64615,296.74615,296.54614,296.34613,296.64615,297.04614,295.24615,296.34613,294.04614,293.64615,294.04614,296.84613,296.74615,297.14615,298.34613,298.84613,298.24615,300.34613,302.34613
295.24615,300.34613,300.04614,299.94614,299.74615,299.74615,299.74615,299.64615,299.44614,299.24615,299.14615,299.04614,299.04614,298.84613,298.84613,298.84613,299.04614,299.04614,299.04614,299.14615,299.24615,299.24615,299.24615,299.14615,299.14615,299.04614,298.94614,298.84613,298.84613,298.94614,299.04614,298.94614,298.84613,298.64615,298.34613,298.34613,298.24615,298.14615,298.24615,298.14615,297.84613,297.74615,297.84613,298.14615,298.04614,298.04614,298.04614,298.84613,296.44614,294.44614,292.84613,293.24615,294.54614,294.74615,297.14615,297.54614,296.24615,295.24615,299.14615,300.44614
294.54614,295.04614,300.34613,299.84613,299.54614,299.44614,299.64615,299.74615,299.94614,299.74615,299.34613,299.34613,299.24615,299.24615,299.14615,299.34613,299.44614,299.44614,299.24615,299.54614,299.54614,299.44614,299.64615,299.44614,299.34613,299.44614,299.44614,299.34613,299.54614,299.44614,299.34613,299.34613,299.24615,299.04614,299.04614,299.04614,298.94614,298.94614,298.84613,298.94614,298.94614,298.74615,298.54614,298.84613,299.24615,299.14615,299.14615,299.14615,299.54614,295.34613,294.24615,294.04614,294.14615,295.64615,296.44614,296.64615,295.34613,295.64615,295.04614,297.74615
295.44614,295.04614,296.24615,299.84613,299.84613,299.44614,299.64615,299.74615,300.14615,300.24615,299.84613,299.54614,299.54614,299.64615,299.74615,299.84613,299.74615,299.84613,299.64615,299.64615,299.74615,299.84613,299.64615,299.84613,299.64615,299.74615,299.64615,299.84613,299.64615,299.74615,299.74615,299.54614,299.34613,299.44614,299.54614,299.54614,299.54614,299.54614,299.24615,299.34613,299.64615,299.74615,299.64615,299.84613,299.84613,300.14615,300.24615,299.94614,299.84613,299.84613,296.14615,294.84613,293.84613,294.84613,295.64615,296.94614,296.04614,296.24615,295.84613,296.04614
291.44614,293.94614,295.34613,295.64615,295.64615,296.84613,294.64615,295.44614,300.14615,300.44614,300.14615,299.94614,299.74615,300.04614,300.04614,300.14615,300.24615,300.04614,300.04614,299.84613,299.94614,300.14615,300.14615,300.04614,300.04614,299.84613,299.94614,299.84613,300.04614,299.84613,299.94614,299.74615,299.84613,299.94614,299.84613,299.94614,300.04614,299.94614,299.64615,299.74615,299.94614,300.34613,300.54614,300.64615,300.84613,301.04614,301.04614,301.04614,300.94614,300.74615,300.54614,298.94614,294.24615,294.74615,299.64615,300.44614,300.64615,301.24615,297.04614,301.04614
299.34613,297.34613,295.84613,294.54614,295.14615,295.14615,294.74615,295.04614,295.34613,300.74615,300.54614,300.24615,299.94614,300.14615,300.34613,300.44614,300.44614,300.24615,300.34613,300.14615,300.34613,300.24615,300.44614,300.34613,300.04614,300.14615,300.04614,299.94614,300.14615,300.04614,300.14615,300.04614,300.14615,300.14615,300.04614,300.24615,300.44614,300.34613,300.34613,300.24615,300.74615,300.94614,301.24615,301.54614,301.64615,301.74615,301.64615,301.54614,301.84613,301.94614,301.94614,301.54614,301.34613,301.14615,300.94614,301.04614,301.34613,301.14615,301.34613,301.44614
297.84613,295.54614,294.94614,294.74615,294.04614,293.84613,294.64615,294.44614,295.04614,296.94614,300.74615,300.54614,300.34613,300.24615,300.44614,300.44614,300.24615,300.44614,300.34613,300.44614,300.34613,300.34613,300.54614,300.54614,300.44614,300.24615,300.24615,300.24615,300.44614,300.34613,300.34613,300.44614,300.34613,300.34613,300.44614,300.64615,300.64615,300.84613,300.74615,300.84613,300.84613,301.44614,301.84613,301.84613,301.94614,301.94614,302.04614,301.94614,302.14615,302.44614,302.54614,302.44614,302.14615,302.04614,301.94614,301.84613,302.14615,301.94614,301.94614,301.84613
295.44614,294.14615,294.34613,294.04614,294.54614,293.84613,294.14615,294.24615,294.64615,295.74615,301.14615,300.84613,300.54614,300.44614,300.54614,300.54614,300.54614,300.64615,300.54614,300.64615,300.54614,300.54614,300.34613,300.54614,300.34613,300.54614,300.34613,300.54614,300.54614,300.64615,300.74615,300.64615,300.54614,300.64615,300.84613,300.84613,300.84613,300.84613,300.94614,301.04614,301.34613,301.64615,301.94614,301.94614,301.94614,301.94614,301.94614,302.24615,302.54614,302.74615,302.74615,302.44614,302.14615,302.04614,301.84613,302.04614,302.04614,301.94614,301.94614,301.94614
295.14615,294.84613,294.34613,294.84613,294.34613,294.14615,294.44614,294.74615,294.94614,295.84613,298.64615,301.34613,300.74615,300.74615,300.64615,300.64615,300.74615,300.84613,300.84613,300.74615,300.64615,300.74615,300.64615,300.44614,300.54614,300.54614,300.44614,300.64615,300.74615,300.84613,300.74615,300.64615,300.44614,300.54614,300.64615,300.74615,300.74615,300.54614,300.64615,300.74615,301.14615,301.24615,301.44614,301.44614,301.24615,301.44614,301.54614,301.94614,302.44614,302.54614,302.34613,302.24615,301.94614,301.84613,301.74615,301.74615,301.84613,301.74615,302.04614,302.24615
294.94614,296.34613,295.04614,295.04614,294.34613,294.14615,294.34613,294.84613,295.14615,301.14615,299.34613,301.44614,301.64615,301.64615,301.54614,301.24615,300.94614,301.04614,301.04614,301.04614,301.04614,300.84613,300.94614,300.84613,300.84613,300.74615,300.94614,300.74615,300.74615,300.84613,300.64615,300.74615,300.54614,300.54614,300.64615,300.64615,300.54614,300.54614,300.44614,300.54614,300.54614,300.64615,300.64615,300.84613,300.74615,300.94614,301.14615,301.54614,301.74615,301.94614,301.94614,301.64615,301.74615,301.84613,301.74615,301.84613,301.64615,301.64615,301.84613,301.94614
295.64615,295.54614,297.44614,295.74615,294.84613,294.94614,294.34613,294.54614,295.64615,296.24615,295.84613,296.64615,295.94614,296.44614,301.94614,301.84613,301.54614,301.34613,301.34613,301.34613,301.24615,301.34613,301.24615,301.24615,301.24615,301.04614,301.04614,300.94614,300.94614,300.94614,300.94614,300.94614,300.84613,300.74615,300.74615,300.64615,300.74615,300.74615,300.64615,300.44614,300.54614,300.44614,300.54614,300.64615,300.74615,300.74615,300.84613,301.14615,301.14615,301.44614,301.54614,301.54614,301.54614,301.44614,301.34613,301.34613,301.34613,301.34613,301.54614,301.64615
295.24615,295.74615,296.04614,296.54614,300.34613,298.64615,300.04614,295.94614,296.04614,296.04614,296.64615,296.24615,295.74615,295.44614,295.44614,295.94614,302.34613,301.94614,301.94614,301.84613,301.64615,301.64615,301.44614,301.44614,301.54614,301.24615,301.34613,301.34613,301.34613,301.24615,301.24615,301.24615,301.04614,301.04614,300.84613,300.74615,300.94614,300.94614,300.84613,300.94614,300.74615,300.74615,300.84613,300.74615,300.94614,300.64615,300.74615,300.94614,301.04614,301.14615,301.44614,301.24615,301.14615,301.34613,301.14615,301.14615,301.14615,301.14615,301.14615,301.14615
296.84613,296.24615,296.84613,296.74615,296.14615,296.34613,295.54614,295.54614,295.94614,295.74615,295.74615,295.44614,295.54614,295.44614,295.34613,296.14615,296.04614,295.94614,296.34613,296.34613,297.14615,301.94614,301.74615,301.84613,301.64615,301.44614,301.44614,301.54614,301.54614,301.34613,301.34613,301.24615,301.24615,301.14615,300.94614,300.94614,300.94614,301.04614,300.94614,300.94614,300.94614,300.84613,300.74615,300.74615,300.74615,300.74615,300.54614,300.64615,300.64615,301.04614,301.04614,301.04614,300.94614,301.04614,301.04614,300.94614,301.14615,301.24615,301.04614,301.04614
296.34613,296.64615,296.74615,296.44614,296.04614,295.74615,295.34613,295.84613,295.54614,295.34613,295.64615,295.34613,295.44614,295.14615,295.54614,295.74615,295.54614,295.54614,294.94614,292.64615,294.54614,295.04614,302.14615,301.94614,301.94614,301.74615,301.74615,301.64615,301.54614,301.34613,301.24615,301.14615,301.04614,300.84613,300.94614,300.94614,300.64615,300.74615,300.64615,300.54614,300.74615,300.54614,300.54614,300.54614,300.44614,300.44614,300.34613,300.24615,300.44614,300.64615,300.84613,300.74615,300.74615,300.74615,300.84613,300.84613,300.94614,300.84613,301.04614,300.84613
296.64615,296.84613,296.14615,296.44614,295.44614,295.24615,295.24615,295.64615,294.94614,294.54614,295.14615,295.24615,294.84613,294.54614,295.14615,295.54614,295.54614,295.14615,294.64615,293.94614,293.24615,295.04614,296.54614,297.34613,301.44614,301.94614,301.74615,301.34613,301.34613,301.14615,300.94614,300.94614,300.94614,300.74615,300.84613,300.74615,300.54614,300.34613,300.34613,300.44614,300.54614,300.44614,300.24615,300.34613,300.44614,300.34613,300.44614,300.34613,300.34613,300.44614,300.44614,300.54614,300.54614,300.44614,300.54614,300.74615,300.74615,300.84613,300.94614,300.84613
297.14615,296.34613,296.04614,296.04614,295.24615,295.24615,295.64615,295.64615,295.14615,294.84613,295.04614,295.74615,295.34613,295.64615,295.24615,295.24615,294.94614,295.04614,294.34613,292.64615,293.44614,295.14615,294.94614,296.94614,295.64615,301.84613,301.74615,301.64615,301.24615,301.14615,300.94614,300.74615,300.74615,300.84613,300.64615,300.54614,300.44614,300.34613,300.34613,300.24615,300.24615,300.04614,300.24615,300.34613,300.24615,300.34613,300.44614,300.34613,300.34613,300.54614,300.34613,300.34613,300.24615,300.24615,300.34613,300.54614,300.54614,300.64615,300.64615,300.74615
296.24615,297.14615,296.64615,295.24615,294.94614,295.84613,295.34613,294.64615,294.44614,294.84613,294.14615,294.74615,295.84613,295.64615,295.44614,295.54614,294.94614,295.84613,294.44614,293.54614,292.64615,293.54614,295.04614,294.34613,293.94614,297.34613,301.64615,301.44614,301.44614,301.14615,300.94614,300.84613,300.74615,300.54614,300.64615,300.44614,300.34613,300.14615,300.24615,299.94614,300.14615,300.04614,299.94614,300.14615,300.24615,300.24615,300.14615,300.04614,300.14615,300.14615,300.14615,300.14615,300.04614,299.94614,300.04614,300.14615,300.04614,300.14615,300.24615,300.24615
295.94614,297.34613,296.24615,294.74615,293.94614,294.64615,294.84613,294.84613,294.84613,294.64615,295.24615,295.04614,296.94614,295.64615,295.84613,295.34613,294.84613,294.14615,294.14615,293.24615,293.14615,293.24615,293.44614,293.84613,294.84613,298.34613,301.64615,301.64615,301.44614,301.34613,301.14615,300.84613,300.74615,300.54614,300.44614,300.34613,300.24615,300.14615,300.04614,299.94614,299.84613,299.74615,299.74615,299.74615,299.94614,299.44614,298.94614,299.84613,299.84613,299.84613,299.74615,299.74615,299.84613,299.74615,299.74615,299.84613,299.74615,299.74615,299.74615,300.04614
295.64615,296.44614,295.84613,295.54614,296.04614,294.84613,295.54614,293.84613,295.34613,294.04614,296.04614,295.64615,295.94614,293.84613,296.34613,295.34613,294.64615,292.94614,294.74615,296.64615,297.14615,297.04614,295.34613,296.64615,293.74615,301.54614,301.74615,301.54614,301.34613,301.34613,301.24615,300.84613,300.74615,300.64615,300.34613,300.34613,300.14615,300.04614,299.94614,299.84613,299.64615,299.54614,299.44614,299.64615,299.54614,299.44614,299.54614,299.44614,299.44614,299.54614,299.44614,299.44614,299.44614,299.44614,299.64615,299.44614,299.54614,299.44614,299.44614,299.84613
295.64615,296.14615,294.74615,295.24615,294.54614,297.04614,295.34613,295.54614,295.04614,294.54614,296.14615,295.04614,295.14615,298.14615,295.54614,293.44614,293.84613,294.44614,295.34613,291.54614,294.44614,294.84613,296.24615,297.44614,300.34613,301.64615,301.64615,301.44614,301.34613,301.14615,300.94614,300.74615,300.64615,300.34613,300.24615,300.24615,300.14615,299.94614,299.74615,299.84613,299.54614,299.44614,299.44614,299.44614,299.34613,299.34613,299.44614,299.34613,299.44614,299.24615,299.14615,299.34613,299.24615,299.04614,299.14615,299.24615,299.24615,299.24615,299.34613,299.24615
295.14615,296.34613,295.74615,295.64615,296.04614,294.74615,296.34613,296.24615,294.94614,296.44614,295.84613,295.44614,294.54614,296.34613,293.14615,292.74615,293.64615,298.54614,295.24615,292.74615,293.84613,295.34613,294.74615,300.24615,301.44614,301.44614,301.44614,301.34613,301.14615,300.94614,300.84613,300.44614,300.34613,300.24615,300.04614,300.14615,299.94614,299.84613,299.94614,299.74615,299.54614,299.64615,299.54614,299.24615,299.24615,299.24615,299.14615,299.04614,298.94614,299.04614,299.04614,299.24615,298.94614,298.84613,298.84613,298.84613,298.84613,299.04614,299.04614,298.84613
296.24615,295.14615,294.94614,295.34613,296.14615,296.44614,296.84613,296.34613,294.84613,296.94614,296.74615,295.44614,294.44614,293.74615,293.14615,293.04614,292.74615,296.34613,293.24615,290.84613,294.14615,295.44614,294.34613,301.34613,301.34613,301.64615,301.24615,301.14615,300.94614,300.74615,300.74615,300.44614,300.44614,300.14615,299.94614,299.74615,299.84613,299.44614,299.64615,299.54614,299.54614,299.44614,299.44614,299.24615,299.04614,299.04614,298.84613,298.84613,298.64615,298.64615,298.84613,298.74615,298.54614,298.54614,298.34613,298.44614,298.44614,298.54614,298.64615,298.54614
293.94614,294.74615,294.44614,294.44614,295.54614,297.34613,296.34613,295.24615,296.04614,297.34613,294.54614,294.14615,296.04614,294.14615,293.84613,293.54614,294.44614,294.74615,290.74615,293.04614,291.74615,294.34613,301.34613,301.44614,301.44614,301.64615,301.14615,300.84613,300.74615,300.54614,300.54614,300.24615,299.94614,299.84613,299.74615,299.84613,299.54614,299.44614,299.44614,299.34613,299.34613,299.24615,299.04614,298.94614,299.04614,298.84613,298.44614,298.44614,298.54614,298.54614,298.44614,298.44614,298.24615,298.24615,298.24615,298.24615,298.14615,298.14615,298.14615,298.04614
