json/20180305.json
{"header": {"discipline":0,"disciplineName":"Meteorological products","gribEdition":2,"gribLength":74118,"center":7,"centerName":"US National Weather Service - NCEP(WMC)","subcenter":0,"refTime":"2018-03-05T06:00:00.000Z","significanceOfRT":1,"significanceOfRTName":"Start of forecast","productStatus":0,"productStatusName":"Operational products","productType":1,"productTypeName":"Forecast products","productDefinitionTemplate":0,"productDefinitionTemplateName":"Analysis/forecast at horizontal level/layer at a point in time","parameterCategory":2,"parameterCategoryName":"Momentum","parameterNumber":3,"parameterNumberName":"V-component_of_wind","parameterUnit":"m.s-1","genProcessType":2,"genProcessTypeName":"Forecast","forecastTime":0,"surface1Type":103,"surface1TypeName":"Specified height level above ground","surface1Value":10.0,"surface2Type":255,"surface2TypeName":"Missing","surface2Value":0.0,"gridDefinitionTemplate":0,"gridDefinitionTemplateName":"Latitude_Longitude","numberPoints":65160,"shape":6,"shapeName":"Earth spherical with radius of 6,371,229.0 m","gridUnits":"degrees","resolution":48,"winds":"true","scanMode":0,"nx":360,"ny":181,"basicAngle":0,"lo1":0.0,"la1":90.0,"lo2":359.0,"la2":-90.0,"dx":1.0,"dy":1.0}, "data":
[rows 0 to 25 of 181, columns 0 to 56 of 360]
3.3346338,3.3446338,3.3546338,3.3646338,3.3646338,3.3746338,3.3746338,3.3846338,3.3846338,3.3846338,3.3846338,3.3846338,3.3846338,3.3846338,3.3846338,3.3746338,3.3746338,3.3646338,3.3546338,3.3446338,3.3346338,3.3246338,3.3146338,3.3046339,3.2846339,3.274634,3.254634,3.2446337,3.2246337,3.2046337,3.1846337,3.1646338,3.1446338,3.1246338,3.0946338,3.0746338,3.0446339,3.024634,2.9946337,2.9646337,2.9346337,2.9046338,2.8746338,2.8446338,2.8146338,2.7846339,2.7446337,2.7146337,2.6746337,2.6346338,2.6046338,2.5646338,2.524634,2.4846337,2.4446337,2.4046338,2.3646338
3.254634,3.264634,3.2846339,3.2946339,3.3046339,3.3246338,3.3346338,3.3446338,3.3546338,3.3646338,3.3746338,3.3746338,3.3846338,3.3946338,3.3946338,3.4046338,3.4046338,3.4046338,3.4046338,3.4046338,3.4046338,3.3946338,3.3946338,3.3946338,3.3846338,3.3746338,3.3646338,3.3446338,3.3246338,3.3046339,3.2846339,3.264634,3.2346337,3.2046337,3.1746337,3.1446338,3.1146338,3.0846338,3.0446339,3.004634,2.9646337,2.9246337,2.8746338,2.8246338,2.774634,2.7246337,2.6746337,2.6146338,2.5546339,2.504634,2.4446337,2.3746338,2.3246338,2.254634,2.1946337,2.1346338,2.0646338
2.9146338,2.9146338,2.9146338,2.9146338,2.9046338,2.9046338,2.9246337,2.9346337,2.9546337,2.9646337,2.9646337,2.9846337,2.9946337,3.004634,3.024634,3.0446339,3.0646338,3.0746338,3.0846338,3.0946338,3.1046338,3.1046338,3.1146338,3.1246338,3.1046338,3.0846338,3.0746338,3.0746338,3.0646338,3.0646338,3.0546339,3.0446339,3.024634,3.004634,2.9846337,2.9546337,2.9246337,2.8846338,2.8446338,2.7946339,2.7346337,2.6746337,2.6046338,2.5346339,2.4546337,2.3746338,2.2846339,2.1846337,2.1046338,2.004634,1.9146338,1.8146338,1.7246338,1.6246338,1.5346338,1.4446338,1.3446338
2.764634,2.8146338,2.8846338,3.014634,3.1346338,3.2346337,3.3046339,3.3446338,3.3746338,3.4046338,3.4446337,3.4846337,3.504634,3.514634,3.524634,3.5446339,3.5446339,3.5346339,3.514634,3.4946337,3.4746337,3.4146338,3.3646338,3.3146338,3.264634,3.2146337,3.1546338,3.0746338,3.014634,2.9646337,2.9146338,2.8446338,2.7946339,2.7246337,2.6546338,2.5746338,2.514634,2.4346337,2.3546338,2.1946337,2.0346339,1.9746338,1.8946338,1.8146338,1.7346338,1.6446338,1.5546337,1.4546338,1.3546338,1.2346338,1.1246338,1.0046338,0.8846338,0.7546338,0.6346338,0.5146338,0.3946338
2.514634,2.5646338,2.6046338,2.6746337,2.8446338,2.9246337,2.9946337,3.0746338,3.1246338,3.1646338,3.1846337,3.1946337,3.1846337,3.1546338,3.1246338,3.0846338,3.004634,2.8846338,2.7846339,2.7046337,2.6446338,2.5946338,2.5646338,2.5446339,2.5346339,2.514634,2.4946337,2.4446337,2.4146338,2.3446338,2.274634,2.1846337,2.1046338,2.014634,1.9246337,1.8246338,1.7246338,1.6146338,1.5046338,1.3846338,1.2546338,1.1246338,0.9846338,0.8446338,0.7046338,0.5546338,0.41463378,0.26463377,0.11463379,-0.03536621,-0.18536621,-0.3253662,-0.4653662,-0.60536623,-0.7353662,-0.8653662,-0.9853662
1.5946338,1.6346338,1.6746337,1.7046338,1.7346338,1.7746338,1.8446338,1.9446338,2.0546339,2.2046337,2.2846339,2.3346338,2.3746338,2.3546338,2.3446338,2.3046339,2.3046339,2.254634,2.1746337,2.1246338,2.1146338,2.0946338,2.1146338,2.0746338,2.014634,1.9246337,1.8246338,1.6846337,1.5846338,1.4846338,1.3646338,1.2446338,1.1246338,0.9846338,0.8446338,0.6946338,0.5446338,0.3946338,0.2446338,0.104633786,-0.05536621,-0.20536621,-0.36536622,-0.5253662,-0.6753662,-0.8353662,-0.9853662,-1.1353662,-1.2853662,-1.4253662,-1.5653663,-1.6953663,-1.8253663,-1.9453663,-2.0553663,-2.1553662,-2.245366
0.09463379,0.2146338,0.35463378,0.5146338,0.6746338,0.8246338,0.9446338,1.0446337,1.1346338,1.2046338,1.2746338,1.3346338,1.3846338,1.4146338,1.4546338,1.4546338,1.4146338,1.3646338,1.3046337,1.2446338,1.1946338,1.1046338,1.0346338,0.9346338,0.83463377,0.7046338,0.5646338,0.4246338,0.2846338,0.1346338,0.004633789,-0.11536621,-0.23536621,-0.3553662,-0.48536623,-0.6253662,-0.7753662,-0.9253662,-1.0853662,-1.2353662,-1.3753662,-1.5353662,-1.6653662,-1.8053662,-1.9853662,-2.1553662,-2.2753663,-2.4653661,-2.6053662,-2.725366,-2.8153663,-2.9553661,-3.0153663,-3.1153662,-3.1953661,-3.2653663,-3.3953662
-2.3253663,-2.4453661,-2.5553663,-2.5153663,-2.3353662,-2.0153663,-1.6453662,-1.2853662,-0.9553662,-0.66536623,-0.3753662,-0.10536621,0.12463379,0.3146338,0.4846338,0.65463376,0.89463377,1.0946338,1.1746337,1.2246338,1.1946338,1.1146338,1.0046338,0.8546338,0.7046338,0.5446338,0.3746338,0.18463379,0.004633789,-0.20536621,-0.4353662,-0.6753662,-0.9353662,-1.2053663,-1.4753662,-1.7253662,-1.9553663,-2.1653662,-2.3753662,-2.5853662,-2.8053663,-3.0453663,-3.2753663,-3.5053663,-3.725366,-3.9053662,-4.0253663,-4.145366,-4.225366,-4.2953663,-4.375366,-4.435366,-4.455366,-4.4653664,-4.435366,-4.3853664,-4.345366
-4.475366,-4.4253664,-3.7853663,-2.5553663,-1.0753663,0.23463379,0.9346338,0.9946338,0.89463377,0.9446338,1.2946337,1.6346338,1.8746338,1.8446338,1.6546338,1.4646338,1.3246338,1.2346338,1.1746337,1.1246338,1.0046338,0.8246338,0.58463377,0.2746338,-0.10536621,-0.5153662,-0.97536623,-1.3553662,-1.7453662,-2.0053663,-2.3453662,-2.5953662,-2.8653662,-3.0753663,-3.4253662,-3.6453662,-3.8253663,-3.9653661,-4.0653663,-4.125366,-4.075366,-4.0453663,-3.8653662,-3.6153662,-3.5353663,-3.485366,-3.5153663,-3.6053662,-3.7153661,-3.8553662,-3.9253662,-4.015366,-4.125366,-4.225366,-4.345366,-4.4653664,-4.5453663
-5.325366,-4.975366,-4.2353663,-2.4453661,-0.45536622,0.8446338,1.6746337,2.2946339,2.9746337,3.6446338,4.194634,4.5746336,4.774634,4.8646336,4.854634,4.7646337,4.5546336,4.214634,3.7146337,3.0446339,2.2146337,1.2646338,0.35463378,-0.3453662,-0.8053662,-1.1053662,-1.3653662,-1.6653662,-1.9953662,-2.3353662,-2.6453662,-2.8753662,-3.0453663,-3.1053662,-3.0853662,-2.9453661,-3.1053662,-3.1353662,-3.1253662,-3.0453663,-2.8753662,-3.0853662,-3.4053662,-3.5353663,-3.725366,-3.8353662,-3.9553661,-4.145366,-4.395366,-4.5653663,-4.4853663,-4.785366,-5.1553664,-5.0453663,-4.285366,-2.8853662,-2.725366
-5.855366,-4.955366,-2.5153663,0.9346338,3.3246338,4.024634,3.8646338,3.4946337,2.9946337,2.2946339,1.4546338,0.8046338,0.7246338,1.3546338,2.4546337,3.6546338,4.384634,5.144634,3.5646338,1.7346338,1.1246338,1.2046338,1.5046338,1.2446338,0.3446338,-0.8353662,-1.8153663,-2.5153663,-3.1253662,-2.975366,-2.7153661,-2.3853662,-2.2753663,-2.2053661,-2.3753662,-2.725366,-3.0653663,-3.495366,-4.1553664,-4.5653663,-4.9053664,-5.0453663,-5.1753664,-5.1953664,-5.165366,-5.105366,-5.035366,-4.955366,-4.7553663,-4.645366,-4.2753663,-4.305366,-5.625366,-6.105366,-6.145366,-5.725366,-5.365366
-5.5653663,-4.1353664,-2.3553662,-1.1153662,-0.005366211,1.4646338,2.6246338,3.1146338,3.3646338,3.4446337,2.764634,1.2546338,-0.11536621,-0.6253662,-0.8653662,-0.5553662,0.06463379,0.3146338,0.4646338,-0.005366211,-1.0653663,-2.225366,-2.8453662,-2.2053661,-1.2453662,-0.7453662,-0.66536623,-0.7653662,-1.0153662,-1.7853662,-2.7553663,-3.485366,-3.9453661,-4.355366,-4.765366,-5.075366,-5.305366,-5.535366,-5.665366,-5.725366,-5.645366,-5.455366,-5.245366,-5.095366,-5.0653663,-5.125366,-5.1953664,-5.1753664,-5.0053663,-4.7553663,-4.4253664,-4.1953664,-4.055366,-4.0453663,-4.205366,-4.4253664,-4.645366
-7.185366,-5.6553664,-5.2553663,-5.1953664,-1.9253662,4.5546336,8.214634,6.884634,4.4546337,3.6146338,3.274634,2.1646338,0.7346338,-0.30536622,-0.48536623,-0.2253662,-0.03536621,-0.6953662,-2.3253663,-3.5053663,-3.4453661,-2.3653662,-1.8253663,-2.225366,-2.975366,-3.5953662,-3.8753662,-4.305366,-4.7353663,-4.9453664,-4.9653664,-5.225366,-5.7553663,-6.0853662,-6.2553663,-6.325366,-6.365366,-6.4253664,-6.455366,-6.4453664,-6.415366,-6.325366,-6.185366,-6.035366,-5.9053664,-5.805366,-5.765366,-5.7353663,-6.0253663,-5.7153664,-5.595366,-5.575366,-5.575366,-5.605366,-5.6353664,-5.6353664,-5.6553664
-7.805366,-6.685366,-3.9053662,-0.6453662,1.3246338,1.7246338,1.9846338,2.7246337,3.2346337,3.0546339,2.5646338,2.0746338,1.5446337,0.6946338,-0.7753662,-2.485366,-3.5653663,-5.1753664,-6.5853662,-5.9253664,-5.605366,-5.475366,-5.5453663,-6.7953663,-6.9253664,-6.515366,-6.595366,-6.745366,-6.935366,-7.105366,-7.245366,-7.3153663,-7.325366,-7.4253664,-7.125366,-7.015366,-6.9853663,-7.0453663,-7.0453663,-7.035366,-6.9853663,-6.9053664,-6.865366,-7.365366,-7.285366,-6.975366,-6.7553663,-6.875366,-7.1553664,-7.2953663,-7.395366,-7.5453663,-7.825366,-8.045366,-8.0953665,-8.0553665,-7.895366
-6.105366,-2.5553663,-0.59536624,0.29463378,0.8146338,1.1246338,1.0046338,0.4046338,-0.2853662,-0.6153662,-0.7053662,-0.9853662,-1.5653663,-2.4253662,-3.5453663,-4.7353663,-5.375366,-5.4253664,-5.325366,-5.455366,-5.6553664,-5.8153663,-5.7753663,-6.145366,-6.7353663,-7.125366,-7.395366,-7.685366,-8.495366,-8.445366,-8.285366,-8.325366,-8.465366,-8.645367,-8.825366,-8.875366,-8.855366,-8.855366,-8.865366,-8.8053665,-8.625366,-8.355366,-8.015367,-7.625366,-7.225366,-6.855366,-6.4853663,-6.225366,-6.055366,-5.895366,-5.665366,-5.2353663,-4.4853663,-3.4253662,-2.3653662,-1.6553662,-1.3253663
6.504634,8.294634,5.394634,3.504634,2.1346338,0.5646338,-0.6153662,-1.3353662,-1.7753662,-1.9853662,-2.1053662,-2.235366,-2.4153662,-2.6553662,-3.0253663,-3.6153662,-4.285366,-4.855366,-5.325366,-5.805366,-6.105366,-6.865366,-7.415366,-7.875366,-8.905366,-9.255366,-9.045366,-8.715366,-8.495366,-8.405366,-8.275366,-8.085366,-8.035366,-8.215366,-8.455366,-8.565366,-8.545366,-8.375366,-8.0953665,-7.765366,-7.395366,-6.895366,-6.3853664,-6.1953664,-6.225366,-5.705366,-4.055366,-2.0353663,-0.7053662,-0.3753662,-0.5753662,-0.7153662,-0.5553662,0.004633789,0.8746338,1.5746338,1.0746338
1.4046338,3.0646338,2.504634,1.1746337,-0.03536621,-1.1153662,-2.1353662,-2.975366,-3.3653662,-3.4153662,-3.3953662,-3.4353662,-3.5353663,-3.7153661,-3.9453661,-4.365366,-5.145366,-6.4253664,-7.6953664,-8.575366,-8.915366,-8.815366,-8.335366,-7.665366,-7.265366,-7.365366,-7.745366,-7.9653664,-7.9653664,-7.955366,-8.085366,-8.245366,-8.295366,-8.115366,-7.805366,-7.5053663,-7.095366,-6.615366,-6.3153663,-6.6753664,-7.395366,-6.855366,-3.6453662,0.4646338,2.1446338,1.2846338,0.1646338,-0.2553662,-0.05536621,0.47463378,0.9546338,1.2546338,1.6046338,2.1946337,2.3146338,1.4946338,1.0746338
-0.5653662,0.4346338,-0.2853662,-0.9953662,-1.9453663,-3.0453663,-3.9153662,-4.5053663,-4.915366,-5.205366,-5.395366,-5.4853663,-5.5053663,-5.455366,-5.4653664,-5.5453663,-5.615366,-5.535366,-5.3153663,-5.1353664,-5.125366,-5.265366,-5.4853663,-5.7353663,-5.995366,-6.2553663,-6.615366,-7.0053663,-7.2953663,-7.325366,-7.125366,-6.785366,-6.5053663,-6.285366,-6.305366,-6.825366,-7.3153663,-6.3853664,-3.7053661,-0.6553662,0.83463377,0.41463378,-1.0353662,-2.1453662,-1.7253662,0.3746338,3.1246338,5.1646338,6.004634,5.6646338,4.8246336,3.6846337,2.4146338,1.6946338,0.4846338,-1.1753662,-3.975366
-1.5453662,-1.8153663,-2.0053663,-2.3553662,-2.9553661,-3.5153663,-4.0053663,-4.345366,-4.5253663,-4.515366,-4.325366,-4.075366,-3.9053662,-3.9153662,-4.035366,-4.2553663,-4.4253664,-4.4053664,-4.205366,-4.035366,-4.0053663,-4.095366,-4.2953663,-4.595366,-4.9253664,-5.165366,-5.2753663,-5.2753663,-5.2953663,-5.5053663,-5.855366,-5.9853663,-5.935366,-6.2553663,-6.125366,-3.8653662,-0.6453662,0.5546338,-0.49536622,-1.8053662,-2.2153661,-1.1753662,1.4746338,3.9146338,4.404634,3.524634,2.5746338,1.8846338,1.3546338,0.8146338,0.05463379,-0.7053662,-0.85536623,-1.9653662,-4.2753663,-5.5253663,-5.855366
-2.0153663,-2.5653663,-2.8453662,-2.4453661,-2.0153663,-1.8553662,-1.6053662,-1.2953662,-1.1053662,-0.9053662,-0.5453662,-0.13536622,0.07463379,0.07463379,0.05463379,0.08463379,0.18463379,0.3046338,0.4046338,0.44463378,0.38463378,0.15463379,-0.20536621,-0.2553662,-0.6453662,-1.6053662,-2.1153662,-3.0353663,-3.2653663,-4.625366,-5.475366,-5.805366,-5.895366,-5.665366,-4.035366,-1.3653662,-0.06536621,-0.4753662,-1.0453662,-1.0253662,-0.4353662,0.96463376,1.5346338,0.1646338,-1.2553662,-1.6353662,-1.9153662,-2.3853662,-2.6353662,-2.5753663,-2.485366,-2.7653663,-3.4153662,-3.485366,-3.7153661,-4.9253664,-5.355366
-2.0253663,-2.485366,-3.0153663,-3.1753662,-2.8753662,-2.3453662,-1.9353662,-1.6353662,-1.2253662,-0.7653662,-0.36536622,0.06463379,0.35463378,0.52463377,0.6946338,0.90463376,1.1746337,1.6146338,1.8446338,0.8046338,1.7646338,2.4546337,2.1446338,1.0146338,-0.24536622,-0.7353662,-1.1053662,-1.0253662,-0.5753662,-0.6253662,-1.5853662,-2.6853662,-3.1253662,-3.8753662,-4.1753664,-1.6153662,-0.1953662,-0.6553662,-0.85536623,-1.1053662,-1.2053663,-1.4053662,-2.1853662,-3.235366,-3.6153662,-3.6653662,-4.2553663,-4.8853664,-4.855366,-4.575366,-4.555366,-4.7153664,-4.9053664,-4.995366,-4.995366,-4.9253664,-4.415366
-4.055366,-4.3353662,-4.555366,-4.725366,-4.6353664,-4.095366,-3.0353663,-1.6053662,-0.4453662,0.3646338,1.1746337,1.6546338,1.6946338,1.5946338,1.3146338,1.1346338,1.9646338,1.5546337,1.2946337,2.6846337,0.96463376,-0.8853662,-2.3653662,-1.8353662,-1.2253662,-1.4853662,-1.0553662,-0.15536621,0.6746338,0.6846338,0.2446338,-0.075366214,0.8146338,1.3446338,1.6846337,-0.3453662,-1.1953663,-2.2853663,-2.3153663,-2.8553662,-3.2553663,-3.3553662,-3.225366,-2.495366,-3.0153663,-4.6353664,-5.4253664,-5.1753664,-4.5053663,-4.365366,-4.5853662,-2.8153663,-1.6353662,-1.1753662,-1.8953662,-3.0853662,-2.3153663
-5.355366,-5.7953663,-5.395366,-4.415366,-3.975366,-3.9253662,-3.5253663,-2.475366,-1.0353662,0.5746338,2.3446338,3.254634,3.1746337,3.6246338,2.5546339,0.12463379,1.4946338,1.2846338,0.19463378,-0.4353662,-1.6253662,-1.7353662,-2.1153662,-1.7753662,-1.1853662,-0.91536623,-0.4353662,-0.3753662,-0.5053662,-0.08536621,0.41463378,0.22463378,-0.015366211,0.6246338,1.1646338,0.1346338,-1.5253662,-3.3353662,-4.4053664,-3.0353663,-2.0653663,-3.8853662,-5.1553664,-3.6153662,-2.7053661,-3.0853662,-2.1153662,-3.6053662,-4.645366,-4.325366,-1.8253663,-1.0753663,-2.0253663,-2.4453661,-2.485366,-2.3153663,-1.9653662
-6.3853664,-6.625366,-5.845366,-5.0653663,-4.615366,-4.015366,-3.495366,-2.2653663,0.05463379,2.4046338,4.854634,6.9746337,6.424634,3.8046339,2.6946337,3.4146338,1.5446337,0.3446338,-1.5953662,-2.3353662,-1.9153662,-1.9353662,-1.9253662,-1.6153662,-1.3853662,-1.0453662,-0.59536624,-0.2253662,0.08463379,0.4646338,0.09463379,-0.5753662,-0.42536622,-0.8053662,-0.5253662,-0.59536624,-1.2453662,-2.1053662,-2.4153662,-1.9553663,-1.5953662,-2.1053662,-2.5653663,-1.7953662,-2.3853662,-3.0153663,-3.5453663,-2.725366,-2.6853662,-3.3553662,-3.1553662,-2.1353662,-1.4653662,-1.1553662,-1.1253662,-1.4253662,-1.2153662
-5.2153664,-5.2153664,-5.395366,-5.225366,-4.5053663,-3.4153662,-2.1953661,-0.72536623,1.0146338,3.2346337,6.4946337,6.734634,3.4846337,1.1446338,1.4746338,0.7946338,-0.5253662,-1.0053662,-1.1053662,-1.6553662,-2.1353662,-1.8353662,-1.8853662,-1.7153662,-1.1753662,-0.36536622,0.3046338,0.5646338,0.7846338,0.8646338,0.6946338,0.5546338,-0.03536621,-0.33536622,-0.7653662,-2.6953661,-2.8153663,-2.3753662,-2.2653663,-2.5253663,-1.5053662,-0.15536621,-0.27536622,-1.2353662,-1.5053662,-1.5253662,-1.6053662,-1.2153662,-0.7953662,-1.0653663,-1.2653662,-1.2453662,-0.4453662,0.04463379,-0.39536622,-0.3753662,-0.12536621
-2.7853663,-1.9753662,-3.0453663,-3.6953661,-4.115366,-3.495366,-0.8253662,-0.2653662,-0.85536623,1.1046338,4.9146338,6.544634,1.6346338,0.4646338,-0.6453662,-0.48536623,-1.4753662,-1.1753662,-1.0453662,-1.5053662,-1.9453663,-3.3653662,-4.555366,-1.6853662,-0.12536621,0.7446338,0.4246338,0.65463376,0.5746338,0.2146338,0.29463378,0.4646338,0.08463379,-0.3153662,-1.1053662,-2.3353662,-2.7553663,-1.5753663,-2.0953662,-1.2453662,-1.4353662,-1.8953662,-1.9453663,-1.7053663,-1.5853662,-1.5653663,-1.4853662,-1.4653662,-1.8953662,-2.0353663,-1.6553662,-1.3153663,-1.0253662,-0.84536624,-1.1853662,-1.2853662,-1.3253663
